93
895 619 599 960 170 760 566 402 815 84 536 39 942 822 804 596 660 721 596 649 988 164 989 609 940 780 392 744 681 144 856 117 829 597 237 120 176 171 848 381 908 864 704 897 998 340 148 548 58 997 202 312 798 692 728 26 689 687 121 462 205 808 34 432 996 838 133 984 935 730 157 861 140 5 532 685 65 280 554 867 4 220 726 723 404 636 402 851 30 695 2 962 737
74 141 533 627 69 368 431 231 45 863 161 974 3 957 786 255 34 573 321 618 151 922 193 673 596 172 28 464 717 957 835 547 710 443 125 802 548 62 366 777 172 988 9 723 186 651 73 840 907 647 317 636 844 972 987 626 84 855 302 809 495 944 770 677 861 786 855 609 898 302 484 212 383 605 775 706 714 557 210 557 721 30 903 35 492 333 696 753 900 617 128 424 606
124 174 23 725 908 708 449 343 378 738 105 167 442 464 91 115 821 116 533 214 403 73 406 816 733 633 469 988 210 603 749 763 161 712 711 880 127 843 569 635 152 872 182 226 115 495 286 213 857 504 592 640 566 152 349 135 332 205 350 276 580 463 233 437 454 144 31 188 187 829 458 431 153 117 637 481 55 690 84 432 586 109 719 401 367 647 545 904 329 773 669 909 950
851 171 235 677 181 431 891 650 338 218 681 949 498 822 532 120 977 516 564 896 924 129 647 614 236 216 109 894 256 857 245 735 784 403 599 932 864 821 284 962 753 964 938 844 830 16 732 212 229 463 697 179 732 430 748 394 935 669 333 697 599 810 326 936 453 545 800 900 952 43 806 925 331 885 818 342 186 195 111 428 958 579 752 794 806 622 983 220 473 445 760 147 770
585 942 905 923 62 174 157 997 560 115 993 431 719 74 522 429 495 919 912 83 835 247 142 514 474 920 724 681 474 405 620 224 629 335 881 202 961 425 623 881 605 850 671 894 513 216 361 144 980 387 999 629 508 71 55 407 610 503 354 569 691 118 299 746 158 423 226 401 27 321 113 666 497 99 422 127 91 430 411 243 179 658 307 563 192 641 173 134 884 196 981 782 345
578 34 607 477 880 418 40 891 462 253 744 324 166 992 251 894 658 656 893 780 398 642 726 22 508 568 830 778 911 63 842 995 298 479 872 121 825 522 816 425 584 865 532 799 571 547 26 369 982 351 54 861 950 397 133 678 519 584 888 235 776 174 213 745 156 491 861 786 826 258 529 885 183 582 702 792 50 608 547 276 776 722 408 736 106 84 673 152 892 68 795 895 599
779 231 11 561 198 917 865 667 698 922 536 891 932 949 945 251 279 390 919 322 31 960 876 410 334 642 749 138 69 456 791 172 926 639 522 57 927 176 676 116 266 844 953 172 250 762 218 342 88 468 451 659 975 977 682 318 133 975 85 673 443 406 650 503 551 821 549 21 280 31 470 621 41 86 257 323 378 116 338 172 379 637 264 427 290 745 481 38 119 784 318 904 710
135 129 817 709 802 908 891 359 666 884 846 920 545 414 934 586 548 425 339 151 625 596 402 680 808 65 458 749 54 386 913 198 920 346 16 577 782 264 940 5 520 792 439 223 293 866 271 187 849 527 821 757 566 769 656 352 503 82 450 903 409 840 75 202 835 279 758 684 600 520 577 258 290 225 728 86 41 205 588 229 836 621 648 669 7 574 93 484 190 181 334 509 417
473 598 988 440 136 609 675 201 196 969 966 999 143 794 301 909 261 279 727 348 610 998 943 594 955 217 522 252 401 647 686 981 691 59 90 854 819 891 321 8 821 419 408 392 435 859 243 891 948 335 203 19 862 797 59 688 329 364 651 562 478 371 604 949 912 560 780 686 858 370 509 782 770 65 906 773 916 204 945 920 721 811 679 966 138 655 848 520 191 702 790 87 77
244 853 810 632 342 68 872 245 32 246 690 427 874 746 701 98 718 255 39 349 829 684 103 892 931 959 426 654 768 597 516 789 144 610 692 890 477 233 299 898 308 893 77 25 646 185 992 654 807 677 462 143 876 946 134 743 128 233 224 764 856 462 792 366 473 939 130 270 870 986 415 667 846 466 391 802 13 287 792 951 97 67 277 727 40 465 250 0 40 555 295 491 936
818 956 25 77 487 532 436 719 80 461 559 742 29 23 849 438 315 194 517 659 936 517 805 937 208 436 673 602 8 506 43 502 529 232 373 486 560 252 597 362 3 933 815 844 838 5 795 756 502 625 577 12 78 550 322 319 185 700 929 270 719 55 706 420 731 707 250 979 812 512 504 197 211 582 298 680 964 475 818 92 889 531 282 894 11 687 837 2 834 73 97 412 703
550 546 384 296 653 121 516 252 176 989 994 199 953 568 994 368 511 405 943 178 80 944 24 768 880 687 170 404 843 735 380 633 8 707 388 831 440 681 272 776 517 892 48 897 613 113 978 130 833 588 101 650 769 107 802 805 491 287 535 807 859 30 743 229 621 643 327 218 689 482 177 631 447 670 22 271 155 886 40 450 570 480 494 248 350 172 844 465 981 829 946 762 457
627 515 403 916 588 625 303 747 844 302 955 53 787 414 490 427 462 340 112 953 200 347 958 598 770 518 909 529 49 81 959 532 336 929 114 134 853 305 902 820 712 472 466 63 785 87 530 836 649 183 787 159 717 482 498 545 694 336 418 645 532 150 820 701 428 434 980 386 527 761 873 300 957 957 541 310 754 433 30 510 648 391 805 772 309 325 557 17 431 562 694 785 405
31 506 140 567 924 503 657 545 448 39 676 916 246 908 570 325 980 672 906 586 469 540 711 266 594 863 859 629 676 489 46 804 134 217 48 346 512 236 107 619 118 727 156 83 811 879 259 443 784 102 200 55 370 793 841 956 915 576 946 864 607 213 396 482 233 585 881 588 295 923 71 5 428 234 507 884 36 189 199 130 805 9 663 808 29 947 433 825 670 895 404 177 497
393 978 966 402 745 656 973 280 124 221 40 96 360 521 903 58 160 89 189 300 513 520 524 597 276 864 331 381 990 153 999 940 908 345 328 80 874 109 182 226 54 174 835 139 409 712 186 691 998 799 729 123 238 787 811 676 634 221 9 863 531 138 458 742 759 152 720 770 580 303 518 343 746 418 351 709 420 918 479 505 728 306 408 195 847 39 206 849 767 929 940 836 927
559 611 929 66 0 839 114 511 23 981 54 888 384 322 23 939 3 382 210 798 297 729 805 438 340 940 844 73 588 283 780 321 407 441 739 300 593 157 279 515 612 35 999 288 73 798 127 708 320 493 808 7 564 668 303 145 11 405 676 0 205 974 543 363 699 860 862 591 346 528 801 944 439 769 730 338 733 603 439 744 780 806 210 509 309 354 875 537 700 689 811 654 429
261 573 667 938 709 969 649 243 514 280 421 359 734 855 853 411 407 901 335 785 777 311 574 370 154 71 757 542 41 856 257 779 705 382 659 957 755 411 539 749 290 148 539 789 179 590 467 635 660 595 432 524 484 689 363 531 748 973 615 698 172 476 387 488 409 82 657 307 230 526 749 664 344 974 858 169 975 671 930 270 889 664 565 983 9 671 388 145 897 332 957 119 419
477 738 355 558 617 557 869 990 329 583 963 173 620 746 194 458 50 883 892 399 851 460 634 287 265 280 43 135 891 601 14 117 420 127 125 110 995 457 11 356 356 233 263 888 15 3 585 660 359 86 644 805 734 582 740 255 463 793 395 81 532 633 847 458 777 489 717 572 593 188 356 807 287 10 587 74 991 700 85 774 215 882 151 803 184 667 590 703 705 29 310 660 734
573 409 634 773 882 389 61 617 853 857 288 554 579 368 697 141 878 463 919 680 41 372 634 977 883 496 194 111 213 774 42 273 519 212 462 78 712 338 171 341 525 185 902 37 492 142 503 191 849 278 143 267 377 444 545 185 973 25 141 90 457 179 778 293 230 561 221 349 508 638 877 403 780 341 913 833 653 388 780 935 893 347 423 241 131 678 168 480 882 537 658 424 225
325 197 2 505 320 351 155 454 537 395 741 698 276 281 252 318 458 126 763 794 510 198 544 895 723 607 830 754 418 552 186 100 114 401 208 113 304 221 814 782 386 21 657 558 39 663 55 166 882 687 901 71 862 532 570 844 403 351 107 309 73 327 592 556 397 345 551 94 890 662 328 147 250 132 521 681 397 874 451 926 57 454 404 517 827 954 462 580 485 895 712 467 937
112 611 111 428 986 272 687 14 130 448 791 529 880 68 588 680 658 398 982 794 660 392 357 783 919 811 517 306 279 411 116 927 266 425 246 568 670 137 174 563 82 606 608 798 959 98 836 701 688 538 838 539 384 889 852 431 811 891 960 913 392 805 415 294 541 132 489 584 676 587 33 753 828 681 311 41 147 475 188 606 99 493 582 148 250 678 5 734 175 957 333 459 129
559 29 4 154 579 23 188 972 823 249 57 147 307 268 115 531 431 675 491 651 801 725 886 195 913 551 674 785 481 948 39 234 935 590 121 480 597 618 430 463 947 310 203 508 563 198 820 208 798 528 779 337 517 597 657 465 578 961 491 276 151 932 854 996 567 466 894 823 396 696 68 436 593 440 478 545 209 943 59 121 936 788 151 308 609 644 4 551 23 444 986 509 103
71 280 710 613 297 667 184 239 266 430 955 992 599 659 817 989 461 377 758 341 927 543 108 564 971 111 90 361 480 447 510 921 499 332 288 603 690 271 721 302 224 325 629 743 250 313 813 864 65 29 919 341 689 450 513 16 266 340 964 376 517 953 998 173 473 434 419 664 758 563 525 209 817 664 145 744 594 33 715 8 723 608 413 328 786 624 228 116 336 688 132 380 739
608 621 876 136 884 870 220 349 190 377 336 415 1 967 490 335 667 637 46 450 114 431 295 969 74 116 928 878 798 98 54 601 542 420 28 450 151 649 63 47 57 991 739 40 829 407 77 377 622 851 50 456 490 173 64 424 368 202 500 173 948 911 372 760 368 666 310 797 582 149 48 708 860 238 690 765 750 786 433 664 26 555 845 531 16 616 525 141 793 973 865 387 826
698 448 680 801 24 619 147 463 768 401 155 782 454 445 318 772 735 550 875 337 415 165 820 918 351 468 777 966 845 197 576 297 131 456 489 503 852 65 586 186 220 642 182 567 136 940 547 79 967 20 659 264 487 732 355 57 746 447 795 758 394 961 614 329 195 638 355 698 440 746 90 552 297 657 619 216 707 328 419 957 737 267 400 10 289 480 288 172 946 380 629 298 893
533 28 65 649 600 413 635 3 204 221 769 30 167 267 521 752 743 256 873 613 315 290 332 503 563 123 404 710 21 445 506 773 506 465 290 333 784 841 818 454 897 426 452 603 188 429 761 85 3 728 465 171 20 417 17 969 580 251 844 574 489 148 325 930 454 158 195 168 693 245 542 96 568 272 90 904 872 379 9 148 674 932 942 372 303 445 871 989 579 649 914 851 664
682 188 653 403 227 77 545 431 506 360 697 873 448 578 206 204 659 897 613 470 12 991 415 450 237 190 797 359 181 214 931 98 423 854 925 591 911 943 8 702 471 847 954 684 994 453 20 462 783 8 774 157 535 172 580 47 394 599 784 634 831 753 289 103 19 339 426 940 572 674 341 274 798 140 954 857 301 194 474 296 533 486 161 113 655 151 692 812 788 442 271 867 470
179 402 895 85 149 997 121 688 22 409 747 805 95 17 696 187 386 473 184 125 36 925 1 410 70 886 763 259 622 273 202 20 11 832 986 46 114 405 254 556 450 619 89 85 127 855 953 282 252 696 440 353 314 219 397 425 641 610 514 382 300 502 767 359 714 450 720 990 786 346 907 432 991 692 332 734 908 109 364 339 194 439 975 671 303 50 396 980 289 625 283 775 427
294 139 648 624 904 41 277 278 212 631 852 388 658 572 584 135 650 345 766 17 239 996 345 476 426 472 706 541 698 581 252 212 218 108 471 715 923 493 771 726 324 660 8 258 327 42 203 296 975 64 555 635 247 849 69 864 212 384 589 871 445 56 366 887 233 683 996 142 778 685 303 753 161 209 979 856 355 268 662 366 506 369 50 904 623 173 348 988 270 573 267 84 794
652 173 707 531 552 46 695 54 287 747 311 900 943 430 383 404 379 234 650 901 325 18 551 839 976 349 160 858 925 197 934 450 913 0 721 161 156 30 807 877 877 637 74 644 276 377 375 220 104 767 171 440 210 44 945 216 330 50 715 160 313 723 813 660 983 609 464 170 149 477 781 689 557 86 271 657 1 260 311 627 465 5 746 97 754 600 398 313 139 393 245 287 57
845 521 521 302 566 32 998 333 801 634 241 265 637 393 435 966 335 775 687 856 500 983 314 435 510 325 539 675 59 903 815 461 378 728 904 214 640 779 14 562 2 485 830 839 108 950 331 932 513 65 82 268 539 977 923 647 486 318 77 506 232 329 944 974 260 285 761 591 335 79 49 302 970 863 295 113 281 478 696 337 523 578 500 988 612 617 682 765 359 75 959 569 832
186 875 98 81 142 284 137 427 564 791 72 479 935 556 590 981 306 274 910 517 357 243 906 245 582 817 612 547 1 225 94 514 699 895 483 18 964 50 693 427 195 465 535 890 46 78 302 696 250 738 524 231 616 89 509 167 809 175 998 352 611 764 218 672 579 828 759 367 286 410 393 817 883 614 109 915 644 868 881 490 685 687 802 289 979 429 117 145 721 837 178 734 54
471 838 736 795 587 8 311 748 492 974 579 870 550 657 458 120 246 559 627 244 417 815 898 175 200 882 917 607 42 856 935 197 322 984 339 411 315 525 388 472 505 237 970 649 978 723 703 738 844 400 106 814 921 317 156 108 113 788 185 170 726 720 386 470 838 754 81 442 316 357 716 144 736 117 213 974 760 603 257 172 839 532 664 844 813 579 45 321 496 651 695 211 449
906 102 17 386 74 369 233 590 930 608 164 481 77 734 157 458 809 313 963 718 451 77 269 944 553 366 534 149 119 389 554 772 998 220 855 574 242 45 79 530 723 192 805 349 951 531 230 96 533 951 370 514 717 321 586 319 639 343 341 489 209 483 742 646 332 764 872 91 849 987 373 759 592 715 210 795 170 806 320 321 184 371 983 337 490 876 547 108 453 15 971 475 999
163 880 720 925 342 899 703 855 276 994 294 145 547 237 515 461 725 507 13 152 125 570 845 995 957 391 710 595 79 67 843 402 883 863 801 239 449 641 957 284 264 615 846 974 942 75 821 922 728 432 676 510 884 772 702 822 285 455 150 881 352 443 178 395 301 308 625 723 703 977 474 760 807 395 55 583 509 94 802 712 993 527 47 547 210 173 955 629 549 794 146 271 464
19 839 856 111 158 392 42 70 660 120 971 192 823 721 229 440 838 321 591 198 943 253 301 477 228 660 902 474 489 117 781 703 892 498 195 209 846 695 306 407 314 910 205 516 339 109 78 119 418 859 151 993 161 118 494 254 802 185 731 223 179 404 803 247 798 604 418 765 827 589 77 154 42 333 118 76 478 874 819 977 195 903 817 296 380 163 524 389 862 674 34 763 225
281 250 87 112 988 367 914 119 522 665 407 516 491 894 438 265 905 820 104 97 21 611 996 129 299 545 689 857 888 565 725 83 411 712 870 387 186 481 63 455 406 64 845 353 730 85 138 979 944 898 938 227 557 390 716 655 134 924 243 802 363 907 550 392 690 999 597 46 119 32 589 901 546 713 805 809 10 843 218 229 505 619 272 633 704 306 354 535 973 476 332 426 409
244 414 656 943 901 620 922 482 123 372 9 710 36 439 11 66 849 220 574 188 465 322 933 661 184 4 833 46 699 50 561 188 592 925 332 617 124 946 486 747 692 28 354 592 672 555 264 946 453 889 671 591 899 351 452 708 838 571 404 980 608 381 214 635 799 267 436 392 890 169 387 2 738 676 537 818 479 313 279 242 1 241 128 708 600 281 625 438 222 391 824 860 131
663 266 767 545 55 7 109 337 767 377 576 165 638 718 635 224 760 409 859 507 564 648 994 466 382 57 986 118 304 535 704 180 118 4 374 342 410 342 302 352 573 151 412 405 40 776 828 195 530 110 243 517 578 656 530 840 815 999 32 144 654 694 455 883 92 661 563 302 724 529 902 735 539 510 695 491 443 383 499 593 373 549 925 174 274 599 395 514 92 105 337 515 288
720 986 816 511 36 283 369 589 143 834 38 737 197 223 285 446 772 755 136 698 767 974 989 917 254 525 32 844 671 436 742 255 587 327 4 192 642 960 319 869 88 116 29 591 61 807 252 619 127 625 689 497 675 8 4 204 348 856 850 57 866 177 475 643 527 208 221 838 862 633 761 163 989 763 620 948 893 332 921 264 727 535 636 649 898 186 394 100 938 181 176 833 570
488 889 508 797 53 156 739 721 654 669 40 798 184 779 937 358 0 186 191 341 604 506 852 395 517 631 312 567 59 898 701 998 842 64 410 445 445 18 301 419 616 549 108 418 249 618 878 760 786 8 710 993 648 881 992 71 16 323 815 340 139 656 469 311 718 376 876 774 896 157 589 27 494 271 175 618 225 1 675 42 746 412 334 266 644 955 774 933 779 606 552 81 836
234 369 772 981 265 939 113 614 911 715 26 272 77 553 349 69 937 352 860 713 325 614 768 495 438 790 934 214 984 436 941 654 937 984 822 734 307 903 45 968 134 983 303 479 965 826 892 439 488 284 208 366 434 72 828 801 260 983 898 506 329 651 329 97 515 20 77 161 143 504 483 252 292 512 387 258 609 241 783 150 863 504 483 393 565 730 102 91 27 419 288 918 274
885 140 830 170 531 720 758 243 518 290 229 904 544 446 225 440 391 581 946 487 628 496 330 837 581 269 52 333 48 745 259 585 25 599 444 316 694 183 566 144 224 659 48 865 741 823 844 26 300 639 268 766 392 228 490 506 121 730 836 217 175 548 647 863 769 417 691 587 109 700 936 287 336 806 559 361 48 966 660 231 960 796 715 558 420 2 496 124 118 980 987 935 224
850 980 541 707 331 788 829 887 748 996 638 604 666 537 255 833 268 993 823 170 452 815 702 687 80 517 611 307 468 746 959 203 978 770 113 776 637 110 572 102 610 491 999 517 503 455 91 583 993 937 330 700 497 560 949 523 366 800 415 626 737 280 209 311 901 767 213 576 118 961 95 408 275 404 536 531 71 408 165 372 812 206 648 516 377 335 805 678 406 369 888 585 516
454 821 798 763 805 768 746 582 573 358 46 146 799 251 373 679 492 221 926 270 519 505 395 28 220 221 185 917 96 678 897 165 523 379 798 43 28 537 896 631 875 304 448 957 821 206 509 130 195 219 790 622 908 229 313 947 989 365 36 726 94 33 474 459 975 987 336 933 890 650 904 118 722 559 325 388 621 67 369 14 702 567 164 461 254 981 750 350 812 853 502 62 322
33 803 39 690 125 787 731 625 530 83 926 131 498 583 760 431 329 658 947 588 890 367 787 908 215 153 548 552 285 49 104 53 359 806 496 477 794 881 906 776 737 553 725 45 177 940 569 796 88 48 802 662 26 73 775 606 292 779 573 770 173 955 130 101 985 673 751 71 440 464 805 968 359 401 675 640 637 773 878 802 504 250 243 122 32 72 241 93 869 316 483 184 317
157 828 60 25 797 443 440 960 810 714 368 388 685 33 948 596 42 0 852 337 642 957 866 413 277 642 192 664 956 891 212 661 407 295 370 117 378 309 409 699 701 257 920 808 731 239 466 759 595 814 119 179 638 657 718 887 952 74 271 535 627 904 430 902 880 499 245 575 815 269 33 520 649 771 648 43 604 292 385 46 631 145 629 454 927 542 428 624 249 40 11 633 296
416 109 646 338 351 215 702 246 106 760 430 448 696 121 45 872 753 825 826 240 225 413 418 629 141 678 543 440 453 867 477 365 347 681 791 659 868 887 937 309 556 271 959 313 879 754 598 303 901 531 145 860 621 119 696 368 469 75 475 148 865 375 421 504 874 274 607 844 473 110 322 917 149 101 778 43 576 203 87 937 809 246 109 284 613 636 974 39 567 924 238 350 467
152 344 354 197 713 888 781 535 115 424 414 738 18 310 95 453 205 494 317 572 106 660 960 355 467 237 275 267 920 863 678 627 53 798 595 75 981 104 173 989 142 715 416 598 487 965 973 276 575 100 724 79 944 800 687 636 356 374 677 424 759 830 116 818 782 631 106 757 222 713 150 484 743 963 810 399 594 62 372 757 138 322 406 706 751 440 619 195 896 335 346 383 226
603 232 688 355 755 41 514 276 618 422 308 783 768 686 461 126 673 806 481 564 870 115 620 215 475 26 333 222 370 893 815 103 558 785 292 333 450 750 179 448 938 822 620 901 330 634 737 96 782 673 975 303 826 875 781 953 483 301 837 14 862 893 113 569 823 816 327 51 828 858 535 666 11 70 989 586 449 983 131 610 125 262 336 882 565 141 406 508 559 492 593 801 26
961 228 261 510 557 360 694 65 493 463 552 84 238 390 869 221 333 338 539 655 677 372 838 831 178 199 352 175 694 129 350 376 378 601 445 107 56 904 220 706 750 99 964 693 750 208 790 879 483 846 147 234 446 530 322 199 450 960 885 91 661 918 277 791 232 767 384 159 249 343 903 125 231 66 845 54 149 698 773 949 507 401 859 247 145 899 262 79 157 439 436 747 263
304 743 983 347 679 734 352 423 700 95 227 502 549 908 63 404 525 483 793 979 536 794 758 309 206 363 710 539 719 28 31 725 734 218 496 747 153 312 127 524 176 154 589 172 987 487 600 763 761 431 905 908 510 769 280 987 820 943 164 35 134 614 815 927 905 953 474 495 492 629 605 78 842 522 313 49 845 848 298 666 117 369 311 110 673 526 307 187 285 565 345 823 277
768 188 797 312 41 125 857 25 429 888 966 946 951 873 445 378 719 163 601 713 202 401 369 865 203 321 733 552 634 293 117 531 836 148 686 164 588 489 135 103 545 530 723 842 735 36 943 99 987 492 247 542 305 169 436 183 167 177 569 677 872 809 334 304 786 216 532 541 545 974 602 103 40 298 239 56 484 705 561 776 236 494 101 540 134 134 104 51 411 554 526 125 6
827 625 262 281 593 925 162 408 284 729 424 674 175 520 60 350 850 353 504 442 359 779 979 457 951 365 76 158 742 790 304 844 348 184 91 145 693 42 923 682 260 566 491 832 595 159 127 795 502 112 99 46 497 785 841 123 878 715 499 792 316 663 725 275 740 401 807 666 150 411 362 254 268 591 752 897 205 940 9 829 293 598 170 415 762 975 217 220 698 922 743 858 764
570 309 962 900 174 611 524 811 751 652 253 582 789 678 109 869 927 329 771 223 74 117 77 460 92 369 682 563 954 793 595 558 286 384 113 858 901 798 864 203 296 612 653 464 648 766 940 667 608 583 22 820 78 827 256 878 466 201 759 225 282 425 939 618 477 149 249 480 950 153 758 608 236 463 440 620 392 767 23 359 590 981 988 516 344 749 105 519 543 259 474 500 883
902 986 80 157 748 737 925 195 252 668 985 580 840 445 512 748 994 917 457 298 296 928 503 113 51 703 337 196 492 931 805 469 280 761 64 999 430 953 256 10 926 756 278 224 13 277 974 646 246 879 921 812 19 103 877 897 996 291 963 345 494 779 850 488 640 215 370 723 851 818 299 509 32 413 879 415 662 623 669 284 116 323 391 100 508 627 31 639 568 572 317 797 497
209 20 891 318 765 14 705 610 867 13 770 449 120 628 523 340 715 93 135 219 364 28 946 531 387 955 93 544 410 695 250 909 726 691 136 209 681 228 209 644 108 422 914 618 356 117 34 775 330 342 871 196 271 134 789 497 351 706 209 956 597 681 750 777 912 376 109 698 5 461 850 64 933 150 492 699 761 850 325 334 555 575 668 943 14 534 655 222 264 477 676 395 854
236 466 789 361 417 275 192 401 607 61 391 743 653 866 411 135 315 356 26 790 786 437 379 488 733 454 393 717 986 222 710 364 374 918 274 513 224 762 660 227 780 234 16 481 219 826 730 743 984 975 498 747 103 595 753 749 681 987 875 542 91 7 237 704 488 513 736 582 340 274 790 773 74 809 508 708 968 205 658 8 242 381 343 147 412 294 496 318 84 638 939 188 943
998 638 608 490 13 782 98 68 410 597 255 499 346 307 223 620 35 216 514 223 896 257 557 274 422 369 874 557 142 962 878 293 597 836 814 741 64 733 900 386 579 586 47 582 828 28 906 959 388 223 78 745 494 111 857 241 139 923 25 235 660 263 380 495 474 237 682 511 667 244 373 29 926 284 759 762 288 928 949 370 535 980 139 374 200 881 704 770 36 431 307 168 937
35 542 964 38 578 498 362 174 148 980 101 328 12 390 465 414 134 857 603 254 354 369 592 462 257 65 147 283 493 953 619 67 646 757 716 432 850 784 764 824 684 193 306 636 113 101 562 246 951 141 171 823 463 65 861 311 260 221 957 710 428 354 836 34 567 728 599 306 534 916 175 747 733 333 411 969 188 283 909 712 90 161 491 259 451 986 631 669 861 762 153 422 349
599 515 712 447 936 293 810 669 500 730 885 815 494 787 182 92 720 42 324 136 590 274 314 719 588 261 806 665 58 285 795 927 935 568 19 109 708 78 66 88 842 549 839 857 855 631 868 10 660 481 249 81 875 599 475 227 952 863 883 155 557 667 636 323 306 355 69 946 380 298 160 574 333 968 793 660 133 976 355 614 208 962 8 556 8 612 504 190 157 996 412 985 249
50 794 952 352 452 324 597 136 665 757 8 670 2 355 735 594 918 475 599 3 901 705 370 598 288 127 81 139 670 256 219 440 714 854 559 338 419 297 271 705 188 416 758 868 189 949 931 813 689 564 454 774 699 100 202 724 434 577 163 66 876 169 26 745 2 366 839 759 728 227 119 590 473 507 215 943 976 118 503 678 586 157 154 480 738 72 141 82 996 286 493 35 286
21 750 557 164 154 354 40 372 636 166 143 497 132 563 71 28 295 652 622 967 831 468 473 547 855 682 912 445 262 615 301 325 37 142 347 207 12 845 995 253 698 844 725 533 828 244 589 223 264 914 156 794 130 723 337 175 31 194 999 853 176 864 281 95 329 595 363 43 467 386 138 261 942 760 775 683 707 720 528 658 697 768 32 625 102 968 281 348 841 452 670 892 741
832 621 917 361 140 469 112 86 305 445 498 784 627 45 189 313 247 617 645 850 566 387 854 763 42 976 548 109 409 334 66 870 672 363 327 716 218 770 759 870 953 514 518 224 332 600 818 229 570 974 177 634 837 132 935 400 811 254 397 778 121 173 712 512 24 11 78 332 909 449 318 859 707 411 319 917 636 511 705 472 992 185 764 314 213 187 694 503 160 411 41 682 587
222 228 822 551 691 368 31 700 235 798 60 967 128 655 105 242 466 588 99 74 994 63 738 270 857 250 366 771 136 71 771 680 518 919 223 478 997 615 526 719 934 271 219 156 583 957 914 959 394 730 132 400 839 483 178 222 452 859 718 812 45 759 814 911 415 82 874 749 217 449 577 504 132 106 582 490 858 873 825 771 838 299 867 577 554 647 722 392 831 305 558 242 216
128 771 201 112 683 904 635 797 952 367 228 261 37 670 906 496 499 206 533 350 991 570 6 971 858 113 810 927 276 624 46 891 116 650 645 817 452 713 128 347 187 202 710 223 402 667 436 202 683 776 278 330 406 239 806 776 638 449 380 990 220 386 232 469 946 114 444 819 19 205 317 707 665 736 939 76 599 565 63 839 185 609 677 187 136 148 194 123 490 176 879 43 489
821 831 583 218 949 974 181 82 716 474 339 348 210 782 116 862 92 100 735 517 431 43 176 213 999 105 91 134 631 259 423 963 873 899 487 53 289 482 815 631 621 198 173 179 288 509 717 22 943 346 146 639 555 327 330 661 72 500 457 202 270 647 544 426 526 749 136 249 623 160 641 796 801 114 296 550 449 800 569 742 87 394 489 423 413 426 223 409 81 667 388 846 900
508 368 423 196 485 943 823 862 305 660 768 336 101 261 301 599 208 367 520 924 860 339 797 93 572 281 447 241 613 748 130 219 482 863 632 338 234 950 7 968 389 952 571 578 832 242 24 456 229 424 683 430 383 272 66 498 940 704 832 271 371 97 102 737 384 379 566 145 381 428 18 323 524 835 597 847 466 650 223 397 694 59 159 13 859 489 52 421 578 234 221 628 764
156 794 391 134 510 802 9 870 41 982 129 692 479 766 734 725 50 386 382 148 672 708 352 977 117 493 774 479 697 404 272 409 340 150 237 597 696 514 362 132 918 781 240 592 131 902 801 350 172 986 491 238 975 922 96 681 980 107 589 203 229 399 362 641 458 98 378 973 383 480 604 623 810 973 632 486 280 357 110 575 207 405 459 789 225 225 398 474 599 600 18 789 972
429 100 125 316 783 880 173 637 771 406 592 469 872 99 118 260 851 462 192 507 780 840 729 453 873 911 581 653 586 797 614 920 477 420 13 580 563 85 982 762 826 874 311 504 700 624 802 185 168 929 480 353 928 840 697 772 491 262 554 982 203 85 998 841 129 227 248 378 248 530 823 908 919 918 539 290 667 238 327 783 461 246 48 952 415 252 205 372 229 346 664 659 730
91 900 349 568 929 798 532 860 567 529 541 385 651 133 291 964 398 56 252 944 494 455 976 723 524 639 223 144 26 743 379 199 215 384 70 810 670 888 260 873 667 339 132 696 688 132 203 695 376 826 642 667 418 358 722 83 455 788 837 53 903 648 534 858 673 227 939 935 866 766 242 509 960 366 234 620 151 905 651 716 332 48 81 508 800 365 949 406 431 391 804 442 617
491 980 403 801 309 973 391 364 472 548 138 156 898 478 757 894 611 186 331 81 840 935 717 624 179 113 822 490 285 262 329 240 407 734 978 590 685 730 458 589 68 484 647 88 94 272 307 742 363 521 292 488 426 190 604 148 225 63 210 793 953 891 561 115 557 203 711 81 52 317 480 629 877 209 604 708 291 568 302 791 369 295 335 841 207 838 315 131 950 573 594 852 817
449 121 324 660 28 178 274 977 379 633 612 241 652 561 856 464 167 607 641 556 380 644 12 991 717 825 764 131 654 750 530 405 474 755 449 157 240 939 681 973 414 462 866 64 596 750 956 230 108 452 92 181 504 851 993 689 445 477 816 495 167 670 581 654 581 878 811 280 103 466 542 656 693 341 526 203 289 155 319 844 47 598 447 451 628 573 664 390 181 145 487 99 978
794 875 444 163 666 698 52 737 216 608 585 32 711 162 610 675 672 610 971 417 942 283 671 639 872 256 589 166 604 480 254 342 778 637 222 459 199 437 753 495 163 825 424 328 845 844 956 323 949 381 219 961 442 377 632 49 798 122 423 951 158 773 761 675 958 211 917 717 317 558 920 656 893 951 15 252 381 149 242 32 82 536 995 967 892 542 383 139 309 966 668 96 479
772 516 626 422 597 24 265 764 859 417 660 508 171 603 556 257 156 188 763 616 99 955 804 682 797 532 276 887 380 507 777 72 926 366 2 475 842 520 744 348 341 828 108 330 484 543 305 544 915 73 634 309 213 324 847 38 429 942 596 922 844 764 179 271 187 720 4 331 652 717 569 941 812 527 599 125 548 128 570 841 976 665 767 906 143 38 88 247 925 733 92 24 885
672 565 245 939 777 62 728 617 102 237 784 744 917 357 343 833 529 39 886 860 293 602 832 273 904 528 733 814 355 451 320 225 103 744 762 373 458 2 544 914 571 786 179 416 188 534 719 236 320 408 478 895 541 113 725 571 603 246 215 360 205 593 313 630 336 834 655 651 242 112 949 71 125 570 263 78 20 979 365 237 485 454 249 73 248 902 979 661 527 98 479 27 14
63 29 61 292 733 122 131 634 838 253 39 476 485 773 712 118 468 913 436 650 728 663 426 583 729 361 518 635 20 212 550 764 99 939 293 299 185 661 982 394 558 522 588 671 737 43 39 514 471 906 321 308 863 784 953 433 352 462 240 367 493 398 938 695 104 195 992 555 708 366 572 73 807 499 372 703 848 475 282 959 854 179 963 901 802 276 159 479 389 716 41 500 308
86 400 840 707 469 404 439 136 703 540 480 354 680 168 436 114 299 939 230 944 169 323 741 33 99 52 656 687 378 258 754 570 690 110 23 934 577 434 733 613 430 496 214 358 472 104 909 909 349 936 662 229 373 482 548 588 581 608 229 255 312 579 184 157 227 820 555 968 88 338 94 593 141 782 132 675 805 963 34 923 520 475 80 894 663 869 913 44 115 307 414 260 438
811 327 32 9 716 772 225 552 492 817 542 563 783 113 554 750 347 132 619 844 258 100 282 967 807 372 592 691 364 754 334 52 652 823 464 949 716 572 514 666 392 143 539 720 547 830 241 131 974 395 310 113 725 593 666 590 967 334 896 134 269 50 37 738 148 183 735 325 246 336 338 879 653 647 673 700 698 978 842 989 757 494 547 791 286 759 780 586 140 615 237 869 940
589 322 456 700 631 740 947 768 243 361 853 476 618 879 495 291 974 925 42 120 134 730 102 619 984 522 460 239 902 670 615 106 756 604 222 364 728 383 989 411 491 944 701 485 215 333 625 656 330 753 763 911 266 339 406 142 977 180 933 528 60 563 227 694 886 228 197 11 978 649 229 342 768 142 752 120 471 595 978 87 45 750 536 865 947 95 127 237 245 40 708 159 360
597 627 138 644 696 755 171 524 65 505 467 91 403 781 709 594 234 738 153 144 268 498 304 873 565 521 561 777 16 400 403 179 995 797 604 413 210 25 490 383 703 259 424 964 640 547 467 199 361 225 389 674 588 463 898 915 630 444 505 592 716 611 885 836 293 91 765 674 898 48 201 746 715 226 590 682 156 260 427 543 168 592 605 708 917 1 976 817 176 585 199 728 442
924 582 524 572 692 797 91 814 847 192 678 566 46 845 798 487 575 45 985 160 749 807 109 159 590 450 500 942 462 505 785 428 603 892 843 223 848 76 191 944 429 934 186 959 655 573 655 794 132 361 134 848 818 276 230 915 464 119 756 205 197 792 852 297 895 263 800 950 175 250 455 200 948 789 383 983 821 589 86 700 19 767 629 128 141 28 215 640 534 905 784 791 204
164 273 138 730 801 507 1 585 470 922 652 611 467 557 501 144 55 251 757 540 311 359 601 968 815 999 558 927 846 193 834 37 229 719 966 19 728 558 937 358 89 889 374 233 569 99 153 592 257 29 677 215 160 780 18 841 893 6 749 525 799 231 785 542 331 351 725 891 622 110 93 838 499 212 525 688 47 114 659 429 828 628 869 12 299 59 371 442 253 222 526 351 812
553 633 705 781 585 519 920 177 270 422 738 60 698 266 991 973 577 52 287 832 209 668 115 368 468 733 978 857 116 128 181 516 687 684 269 164 163 917 899 210 12 114 832 868 251 380 374 771 337 675 631 68 796 107 156 127 225 719 793 703 955 420 775 897 106 18 650 800 320 878 68 656 488 211 729 754 264 883 589 752 417 112 219 378 596 840 520 919 879 25 526 759 25
265 37 57 618 329 23 745 542 826 651 341 723 529 870 591 921 951 764 117 250 100 716 800 378 525 269 514 697 356 419 963 870 151 623 989 974 555 702 559 878 346 321 135 149 962 293 684 893 921 315 114 139 614 315 647 237 210 916 494 45 262 311 290 595 798 173 805 335 247 62 769 631 949 964 103 373 952 640 374 413 592 571 183 798 175 574 199 686 101 190 564 699 842
106 683 560 551 472 969 196 430 80 176 129 75 150 893 108 483 845 208 968 388 842 348 576 917 119 239 333 640 337 84 612 733 309 823 612 217 590 296 302 278 794 548 494 861 965 273 473 617 446 769 839 502 121 984 771 986 173 289 809 659 983 997 840 889 254 126 928 533 512 260 197 441 845 925 332 370 179 130 765 428 114 72 794 213 921 356 247 837 559 371 3 916 503
369 382 805 110 512 171 161 671 915 368 183 473 547 43 594 239 706 151 603 512 174 392 34 896 848 347 471 399 478 58 637 488 150 343 57 413 172 798 927 17 438 943 775 982 926 52 918 113 895 976 839 978 867 753 403 224 196 520 735 180 642 911 437 980 877 770 230 228 732 288 119 416 661 227 569 509 541 574 725 680 410 688 911 143 679 951 922 991 24 854 253 222 327
289 397 2 974 816 523 985 622 378 415 715 463 628 229 788 681 315 23 574 619 910 371 703 105 383 118 271 539 612 425 909 268 409 220 490 753 808 912 950 939 827 729 441 918 729 196 157 762 768 748 106 241 675 388 258 683 708 984 583 839 930 268 993 707 278 610 132 341 483 150 753 587 957 828 876 912 755 221 246 312 455 69 36 886 654 832 168 147 835 903 198 906 889
37 58 618 929 895 64 524 680 836 556 437 805 481 979 222 338 904 825 522 152 545 644 976 160 497 697 506 7 723 302 77 673 605 984 946 650 868 406 436 417 114 886 867 973 79 694 976 749 853 189 90 195 897 123 360 144 879 870 736 414 917 62 504 873 851 788 139 56 480 190 334 883 673 102 219 85 14 413 189 132 221 770 750 175 76 111 702 503 857 381 549 808 956
94 298 490 735 780 916 948 380 201 361 144 744 398 342 253 766 976 231 576 8 295 903 172 658 769 858 468 551 687 464 503 936 230 853 164 761 641 967 989 374 669 247 368 639 333 356 147 816 975 588 809 988 630 757 363 451 937 195 216 697 149 898 992 417 286 751 941 746 884 946 564 969 43 838 970 214 227 813 466 803 682 869 198 19 934 487 876 424 136 810 795 272 885
843 869 120 759 625 744 49 315 782 312 594 452 872 167 638 72 536 392 528 49 570 984 732 199 7 630 936 636 79 428 867 921 723 750 460 127 531 435 110 648 675 970 843 542 203 887 622 388 622 670 254 316 3 582 304 785 731 874 579 159 34 212 82 575 234 203 245 551 876 751 610 353 720 993 771 875 40 697 191 63 367 67 637 636 135 585 525 348 812 807 106 639 827
650 830 769 808 659 284 175 654 67 380 808 127 95 594 993 174 269 912 49 339 839 797 375 288 921 429 681 138 190 196 462 962 887 870 254 380 270 240 360 511 168 724 684 998 81 688 890 359 221 665 899 306 36 783 351 668 461 896 870 101 38 457 227 62 11 970 381 87 981 242 144 448 477 794 484 478 713 894 773 857 806 642 995 76 495 34 362 836 717 581 836 596 160
194 518 640 677 210 336 873 224 344 89 817 595 287 82 447 543 980 298 125 923 812 554 192 547 454 426 704 842 452 636 720 620 869 598 560 21 983 598 882 526 300 897 394 993 443 413 521 914 104 873 435 873 758 625 631 846 876 237 71 628 557 84 842 273 877 949 38 516 760 783 993 600 21 794 2 552 580 13 819 195 660 817 483 835 304 622 945 0 291 245 859 274 953
